image_width: 640
image_height: 480
camera_name: head_camera
camera_matrix:
  rows: 3
  cols: 3
  data: [437.803397, 0, 331.338699, 0, 438.027248, 224.118488, 0, 0, 1]
distortion_model: plumb_bob
distortion_coefficients:
  rows: 1
  cols: 5
  data: [-0.391825, 0.134428, 0.001905, -0.001687, 0]
rectification_matrix:
  rows: 3
  cols: 3
  data: [1, 0, 0, 0, 1, 0, 0, 0, 1]
projection_matrix:
  rows: 3
  cols: 4
  data: [328.585419, 0, 334.190943, 0, 0, 377.834808, 219.850972, 0, 0, 0, 1, 0]