image_width: 640
image_height: 480
camera_name: head_camera
camera_matrix:
  rows: 3
  cols: 3
  data: [457.243613, 0, 326.307586, 0, 458.263537, 230.793695, 0, 0, 1]
distortion_model: plumb_bob
distortion_coefficients:
  rows: 1
  cols: 5
  data: [-0.407824, 0.154869, 0.000963, -0.002367, 0]
rectification_matrix:
  rows: 3
  cols: 3
  data: [1, 0, 0, 0, 1, 0, 0, 0, 1]
projection_matrix:
  rows: 3
  cols: 4
  data: [351.742218, 0, 325.453594, 0, 0, 400.050903, 228.466065, 0, 0, 0, 1, 0]